1000
10001
10003
1001
10010
10013
1002
10026
10028
10037
10038
10042
10047
10049
1005
10051
10053
10058
1006
10060
10062
10065
10068
10073
10076
10079
10084
10086
10088
10089
10090
10093
10094
1010
10107
10114
10115
10121
10122
10130
10140
10141
10142
10143
10146
10147
10150
10160
10161
10164
1017
10173
10178
10181
10182
10186
10187
10193
10196
1020
10203
10205
10210
10211
10216
1022
10223
10225
10230
10235
10236
10239
10242
10245
10247
10254
10255
10262
10264
10265
10266
10267
1027
10271
10273
10274
10277
10281
10282
10287
10292
10293
10297
1030
10300
10313
10314
10318
10319
10320
10323
10326
10328
10329
1033
1035
10355
10356
10358
10365
10367
10369
10370
10375
10381
10383
10386
10387
104
10407
10410
10411
10413
10421
10425
10428
1043
10432
10439
10442
10443
10444
10446
1045
10452
10453
10455
10463
10469
1047
10474
10480
10484
10489
10493
10497
105
10502
10509
1051
10511
10514
10519
10523
10524
10525
10527
10528
10529
10531
10532
10533
10536
10539
10541
10544
10545
10546
10547
10551
10554
10560
10562
10564
10576
10577
10578
10594
1060
10602
10608
10609
10610
10613
10615
10622
10627
10628
1063
10630
10633
10636
10637
10640
10646
10647
10649
10657
10661
10663
10667
10669
10670
10672
10678
10679
1068
10687
10688
10698
10701
10706
10707
10708
10709
10713
10716
1072
10726
10735
10737
10740
10744
10748
10750
10757
10758
10763
1077
10771
10776
10780
10782
10790
10798
10799
108
1080
10804
10807
10809
10812
1082
10828
10841
10847
10859
10869
10872
10877
10881
10883
10890
10891
10894
10898
10906
10912
10914
10919
10923
10929
10938
10940
10948
10949
10950
10959
1096
10960
10963
10965
10968
10970
10978
10981
10982
10983
10984
1100
11001
11003
11005
1101
11012
11020
11026
11030
11033
11038
1104
11044
11049
11058
11063
11065
11070
11076
1108
11081
11084
11086
1116
1118
1119
1120
1121
1122
1123
1124
1126
1132
1133
1137
1138
1140
1143
1144
1145
1148
1149
1160
1161
1165
1168
1170
1171
1176
1188
119
1191
1197
1200
1207
1208
1213
1216
1220
1222
1228
123
1235
1236
1244
1247
1250
1254
1260
1263
1269
1272
1279
1282
1286
1291
1295
1297
130
1301
1305
1312
1321
1329
133
1332
1335
134
1346
1349
1352
1354
1364
1365
1374
1378
138
1381
1389
1394
14
140
1407
1415
1416
142
1426
1428
143
1438
1439
1444
1445
1446
1453
1455
1468
1473
1480
1481
1483
1487
1495
1499
1508
1511
1514
1516
1517
1521
1529
1533
1538
1542
1548
1551
1556
1558
1562
1568
157
1572
1575
1579
1580
1589
1594
1600
1605
1609
1615
1619
1620
1628
1635
1636
1638
1641
1642
1644
1658
1660
1662
1670
1674
1677
168
1680
1682
1689
1692
1695
1697
1698
17
1702
1705
1708
1709
1714
1722
1729
1731
1736
174
1740
1741
1744
1751
1752
1754
1756
176
1762
1763
177
1774
1775
1783
1784
1785
1786
1789
1790
1793
1794
1806
181
1812
1817
1822
1823
1827
183
1831
1832
1834
1838
1839
1843
185
1850
1860
1864
1868
1873
1875
1878
1880
1881
1885
190
1901
191
1910
1916
1926
1930
1932
1933
1936
1938
1940
1941
1942
1943
1949
1959
1960
1961
1962
1965
1967
1971
1975
1978
1982
1985
1988
1999
2001
2003
2006
2009
2034
2035
2037
2043
2054
2058
2062
2064
2068
2073
2075
2078
2080
2088
2097
2098
2101
2108
2111
2113
2114
2115
2117
2118
2121
2124
2125
2126
2129
2132
2133
2137
214
2140
2141
2145
2148
2151
2154
2156
2158
2161
2171
2172
218
2181
2188
2189
2195
2197
2198
2199
2200
2203
2204
2205
221
2210
2213
2218
2222
2224
223
2231
2232
2234
2235
2240
2245
2248
2250
2254
2256
2259
2260
2265
2267
2271
2273
2277
2278
2279
2284
2291
2292
2296
2302
231
2310
2316
2318
232
2325
2327
2332
2334
2336
2338
2341
2345
2351
2354
2355
2359
236
2360
2365
2367
2376
2377
2379
2380
2386
2387
239
2394
240
2405
2407
2412
2415
2418
2419
242
2422
2429
243
2437
244
2440
2444
2450
2451
2453
2460
2461
2462
2467
2472
2473
2474
2475
2483
2486
2487
2488
249
2491
2492
2493
2494
2495
2496
2503
2504
2515
2518
252
2522
2523
253
2537
2539
2544
2548
2549
2563
2573
2577
2578
2579
2581
2587
2588
259
2594
2598
2604
2610
2615
262
2623
2629
2631
2634
2635
2638
2639
2640
2646
2647
2649
2652
2654
2657
266
2660
2662
267
2672
2675
2679
2683
2688
2690
2692
2694
2696
2699
2702
2706
2715
2719
2720
2723
2728
2734
2737
2742
2746
2752
2754
2755
2757
2763
2767
2768
277
2774
2777
2778
2779
2780
2787
2790
2794
280
2801
2807
2810
2811
2812
2823
2825
2826
283
2832
2834
2840
2848
2854
2856
2858
2859
286
2865
287
2872
2875
2879
2881
289
2894
2898
2899
290
2906
2908
2909
291
2912
2919
2925
2926
2929
293
2936
2946
2948
2950
2951
2965
297
2973
2978
298
2981
2984
2991
2996
3004
3010
3012
3017
3024
3026
3037
3040
3046
3048
3050
3051
3057
3060
3062
3067
3070
3071
3074
3082
309
3097
310
3105
3109
3112
312
3120
3128
3129
3135
3144
3145
315
3154
3159
3163
3164
3166
3168
317
3174
3175
318
3181
3182
3183
3186
3189
3191
3201
3214
3215
3216
3217
3220
3221
3226
323
3235
3236
3243
3244
3249
3250
3251
3252
3253
3254
3256
3258
3259
3261
3265
3267
3273
3282
3283
3285
3287
3290
3291
3294
3295
3299
3312
3313
3318
332
3329
3335
3337
3339
3346
3347
335
3350
3354
336
3362
3366
3370
3374
3379
338
3380
3384
3391
3395
3397
3402
3411
3413
3416
3423
3430
3432
3435
3438
3439
3450
3452
3455
3460
3467
3470
3474
3476
3477
348
3485
3488
3490
3499
3502
3508
351
3510
3512
3515
3517
3518
3522
3524
3532
3535
3538
3542
355
3550
3551
3554
3562
3564
3565
3567
3569
357
3571
3572
3573
3577
358
3589
3591
3607
361
3612
3621
3622
3624
3626
3629
3631
3636
3641
3644
3646
3647
3656
3657
3658
3663
3666
3667
3672
3674
3675
3676
3677
3679
3681
3684
3686
3693
3694
3700
3702
3704
3706
3708
3712
3724
3725
3731
3732
3733
3737
3738
3742
3743
3745
3753
3761
3766
3767
3773
3777
3781
3791
3793
3795
3798
3802
3816
3822
3823
3824
3832
3837
3839
3841
3847
3848
3849
3852
3853
3854
3857
3863
387
3870
3871
3875
3877
388
3884
3885
3889
3891
3892
3896
3897
3898
39
390
3904
3906
3912
3918
392
3923
3927
3929
3931
3936
3940
3951
3957
3958
3959
396
3964
3965
3974
3975
3990
3992
3993
3999
4009
401
4014
4015
4018
403
4031
4035
4037
4038
4043
4044
4051
4056
4058
4064
4066
4068
408
4087
4089
4096
4099
4101
4107
4119
4120
4121
4124
4126
4127
4130
4131
4136
4138
4142
4146
4147
4148
4150
4156
4159
4161
4162
4163
417
4187
419
4190
4191
4193
4196
4201
4206
4210
4213
4216
4217
4223
4227
4228
4231
4249
4251
4253
4257
4263
4269
4270
4273
4277
4278
4280
4285
4290
4295
4298
4300
4301
4302
4306
431
4313
4314
4321
4323
4324
4331
4333
4334
4335
4336
4337
4346
4349
435
4353
4363
4372
4373
4383
4384
4391
4393
4394
4395
4399
44
440
4400
4401
4403
4412
4414
4425
4433
4436
4437
4439
4441
4442
4445
4450
4451
4455
4456
4460
4464
4465
4467
4470
4474
4476
4478
448
4480
4482
4483
4485
4486
4487
449
4490
4497
4500
4501
4503
4514
4515
4517
4524
4526
4530
4539
454
4543
4547
4548
4554
4556
456
4560
4562
4564
4570
4578
4582
4585
4589
459
4590
4592
4596
4600
461
4616
4617
4627
4628
4633
4636
464
4644
4650
4652
4657
4659
4660
4662
4665
4671
4673
4678
468
4682
4688
4689
4690
4692
4696
4699
4700
4707
4709
4715
4721
4733
4736
4742
4745
475
4750
4754
4757
4761
4763
4765
4772
4773
4782
4784
4789
4793
4799
4800
4801
4803
4808
481
4810
4813
4814
4817
4827
4830
4834
4841
4843
4850
4855
4856
4861
4865
4870
4873
4877
4878
488
4882
4884
4892
4896
4897
4900
4907
4910
4914
4915
4918
4922
4923
4927
4928
4933
4936
4939
4946
4948
496
4964
4967
4971
4972
4975
4985
5006
5007
5009
501
5019
502
5022
5027
5028
503
5033
5036
5039
5040
5042
5047
5048
5049
505
5051
5054
5059
5061
5067
5068
5071
5073
508
5080
509
5096
5100
5105
5108
5113
5117
512
5120
5121
5122
5127
5133
5134
5144
5145
5156
5166
5175
5178
518
5186
5188
5194
5203
5208
5209
5216
5219
5225
5227
5232
5233
5235
5243
5247
5249
525
5262
5265
5266
5269
527
5272
5274
5280
5281
5288
529
5293
5298
53
5307
5312
5316
5317
5320
5321
5322
5324
5326
5331
5335
534
535
5350
5353
5357
5372
5373
5379
538
5383
5398
5399
5406
5408
5411
5412
5415
5419
542
5423
543
5430
5431
5435
5437
544
5441
5446
5447
5451
5452
5459
5475
5476
5477
5478
5479
5480
5483
5489
5496
5501
5503
5506
5508
5519
5520
5529
5530
5532
5533
5535
5538
5539
5544
5545
5546
5550
5553
5555
5560
5561
5572
5580
5585
5588
5595
56
5600
5604
5605
5606
5615
5620
5622
5623
5628
5631
5634
5635
5637
5638
5640
5646
5650
5651
5661
5664
5665
5668
5673
5683
5688
5689
569
5696
5698
57
5700
5707
5712
5716
5717
5725
5728
5730
5737
5739
5741
5744
5747
5755
5765
5774
5778
5779
5780
5781
5783
5787
5795
5797
5799
5800
5803
5818
5821
5827
5829
5832
5836
5839
5846
5856
5858
5862
5866
5869
5877
5884
5887
5888
589
5894
5896
5900
5908
591
5910
5911
5926
5928
5936
5939
5945
5947
5956
5958
5959
5974
5976
5988
5989
5990
5994
5995
6000
6016
6022
6025
6028
6031
6032
6035
6050
6051
6052
6055
6057
6060
6062
6072
6078
6079
6085
6089
6095
6096
6097
61
6107
6108
6109
6110
6121
6123
6126
6135
6145
6147
6161
6169
617
6173
6178
6186
6188
6192
6195
6202
6208
6209
6219
6221
6222
6223
6228
6229
6232
6240
6241
6244
6246
6247
6248
6255
6258
6259
6260
6270
6271
6277
6280
6284
6290
6293
63
6305
6306
6307
631
6311
6314
6319
6320
6326
633
6333
6335
6339
6345
6347
6348
635
6350
6357
6358
6362
6367
6368
637
6376
6377
6379
6381
6384
639
6395
6396
6401
6403
6411
6414
6416
6419
6421
6422
6423
6426
6429
6430
6432
6434
6436
6438
6439
6442
6444
6446
6451
6453
6455
6458
646
6465
6467
6472
6475
6476
6481
6491
6492
6495
6499
6506
6511
6512
6518
6521
6524
6531
6532
6533
6538
6543
6554
6560
6561
6565
6571
6573
6577
6579
6593
6599
660
6602
6603
6609
6618
6623
6625
663
6634
6637
6654
6656
6658
6666
667
6670
6674
6678
6680
6683
6687
669
6700
6701
6705
6708
6709
6713
6714
6723
6726
6727
6732
6743
6748
6753
6757
6758
6764
6766
6768
6776
6788
679
6795
6798
6799
6801
6803
6804
6812
682
6823
6832
6842
6850
6851
6855
6856
6858
6859
6861
6862
6864
6865
6868
687
6870
6874
6878
6879
688
6880
6883
6884
6885
6887
6890
6892
6893
6894
6897
6898
6903
6907
6912
6916
6921
6922
6924
6926
6931
6936
6939
6942
6944
6945
6947
6948
695
6952
6955
6961
6962
6969
6975
6977
6983
6989
6990
6998
7003
7004
7009
7012
7014
7015
7018
702
7021
7026
7030
7031
7035
7042
7043
705
7050
7051
7052
7062
7066
7069
7070
7072
7079
7086
709
7090
7091
7092
7099
7101
7103
7108
711
7113
7114
7120
7125
7129
713
7135
7145
7146
7151
7155
7160
7166
7169
7174
7178
7180
7184
7187
7188
719
7194
72
720
7209
7213
7216
7219
7222
7223
7226
7229
723
7232
7233
7234
7239
725
7255
7259
7261
7262
7266
7271
7272
7273
7275
7279
728
7286
7288
729
7292
7294
7299
7300
7301
7310
7313
7315
7317
7328
7335
7345
7349
735
7353
7354
7370
7372
7374
7375
7377
7379
7384
7385
7388
739
7406
7408
7410
7411
7420
7426
7427
7429
7437
744
7447
7448
745
7455
7462
7465
7466
7478
7479
7481
7483
7485
7487
7488
749
7490
7497
7503
7513
7514
7517
7519
7522
7524
7533
7534
7535
7538
7539
7540
7541
7544
7552
7553
7557
7558
7564
7566
7569
757
7570
7576
7577
7580
7585
7586
7588
7591
7597
7604
7608
7609
7610
7613
7614
7617
7620
7621
7623
7624
7635
7639
7642
7645
7652
7656
7657
7659
7663
7666
7667
7678
7681
7684
7687
7690
7694
7696
7698
7699
77
7702
7712
7720
7722
7725
773
7732
7733
7735
7741
7744
7753
7754
7755
7756
7758
776
7763
7768
777
7789
779
7794
7798
7800
7801
7805
7809
7815
7821
7825
7827
7830
7834
7847
7848
7851
7854
7855
7859
7860
7862
787
7876
788
7880
7890
7892
7893
7894
7895
7896
7898
7900
7911
792
7920
7921
7922
7928
7929
7937
794
7941
7942
7947
7951
7953
7955
7956
7957
7958
796
7960
7964
7966
7972
7980
7985
7986
7989
7990
7993
8000
8001
8005
8012
8014
8018
8019
8020
8022
8026
8030
804
8040
8045
8059
8061
8064
8071
8073
8078
8090
8094
8097
8102
8114
8122
8124
8128
8136
8144
8147
8149
8156
8157
8161
8166
8168
8172
8173
8177
8178
8182
8183
8185
8188
8190
8191
8192
8197
8198
8207
8215
8227
8230
8232
8240
8241
8246
8249
8253
8256
8261
8263
8266
827
8275
828
8283
8287
829
8290
8291
8292
8297
8301
8304
8308
831
8315
8320
8324
833
8335
8337
8338
8344
835
8351
8356
8357
8358
8362
8364
8367
837
8372
8381
8383
8384
8387
8390
8392
8395
840
8400
8401
841
8413
8414
8420
8429
8433
8434
8435
844
8441
8444
8451
8461
8463
8466
8478
8480
8488
8490
8491
8494
8496
8502
8508
8509
8514
8515
8519
8533
8537
8539
8540
8547
8551
8556
8559
856
8563
8565
8566
8575
8576
8579
8582
8586
8594
8604
8612
8629
8639
8640
8641
8643
8647
8648
8650
8655
8656
8657
8661
867
8674
8676
868
8686
8691
8692
8693
8695
8697
8703
8709
8711
8716
872
8720
8721
8722
8735
874
8742
8743
8745
8746
8751
8755
8761
8762
8767
877
8772
8775
8785
8789
879
8794
8797
8805
8807
8808
881
8810
8813
8815
8824
8826
8827
8833
8841
8843
8859
8862
8864
8868
8872
8878
8886
8887
8889
8893
8897
8908
8909
8912
8913
8914
8915
8917
8923
893
8932
8941
8942
8946
895
8960
8961
8962
8971
8976
8977
8979
8981
8990
8994
8996
8999
90
9003
9010
9012
9013
9014
9017
9028
903
9030
9032
9033
9042
9044
9051
9053
9054
9059
9065
9068
9069
9074
9075
9076
9082
9084
9089
9093
9098
9103
912
9121
9122
9124
9131
9133
9134
9138
9140
9148
9149
9152
9156
9157
9161
9163
9166
917
9175
9178
9184
9187
9188
9189
9193
9194
92
920
9204
9207
9210
9214
9220
9221
9222
9224
9231
9233
9237
9240
9241
9242
9243
9247
9248
9250
9254
9259
926
9265
9269
9270
9273
9275
9281
9282
9284
9286
9299
9300
9303
9307
931
9314
9315
9319
9322
9332
9335
9339
9342
9344
9346
9348
9353
9356
936
9365
9366
9369
9371
9372
9382
939
9393
9396
9399
9403
9408
941
9413
9418
942
9421
9425
943
9432
9433
9438
9439
9442
9452
9457
9458
9459
946
9467
9468
947
9472
9473
9475
948
9485
9488
9495
9498
950
9500
951
9520
9522
9524
9527
9528
9529
9530
9538
9540
9547
9548
9550
9552
9553
9555
9557
9561
9562
9567
9569
9579
9582
9583
9586
959
9596
9598
96
9602
9604
9605
9611
9612
9613
9616
9619
9621
9624
9628
9629
9630
9645
9648
9649
965
9654
967
9671
9678
9680
9681
9694
9702
9707
9714
9719
9720
9721
9736
9740
9747
9752
9754
9756
9759
9761
9762
977
9770
978
9785
9786
9787
9794
9799
98
9800
9802
9816
9819
9829
983
9832
9841
9844
9845
9848
9858
9861
9868
9869
9872
989
9891
9896
9899
99
990
9914
9918
9929
9930
9939
9941
9943
9946
9947
995
9958
9960
9965
9966
9967
9971
9975
9982
9983
9986
9997
